	Classic_ShellSort	Hibbard_ShellSort	Knuth_ShellSort	InsertionSort	Pratt_ShellSort
1000	0.1426	0.0293	0.0127	0.2921	0.2176
1000	0.1471	0.0287	0.0241	0.2863	0.2039
1000	0.1463	0.0278	0.0189	0.2633	0.234
1000	0.1611	0.0199	0.0078	0.2361	0.2184
1000	0.2754	0.027	0.019	0.3326	0.2262
1000	0.1546	0.0271	0.0119	0.3275	0.2289
1000	0.2261	0.0403	0.0202	0.3009	0.1975
1000	0.151	0.0262	0.0232	0.3401	0.2166
1000	0.1481	0.0262	0.0129	0.2857	0.2219
1000	0.1451	0.0272	0.0181	0.2727	0.2078


	Classic_ShellSort	Hibbard_ShellSort	Knuth_ShellSort	InsertionSort	Pratt_ShellSort
2000	0.3829	0.0611	0.0459	1.0342	0.5513
2000	0.3672	0.0683	0.0432	1.0906	0.4939
2000	0.3479	0.0613	0.0351	1.0839	0.5071
2000	0.3182	0.0578	0.0441	1.0482	0.482
2000	0.3367	0.0529	0.0366	1.0329	0.4872
2000	0.3412	0.0589	0.0455	1.0584	0.4856
2000	0.3309	0.058	0.0431	1.0678	0.4982
2000	0.3366	0.0562	0.1279	1.2118	0.4617
2000	0.3268	0.0545	0.0406	1.0907	0.4828
2000	0.3267	0.0503	0.0438	1.0575	0.4942


	Classic_ShellSort	Hibbard_ShellSort	Knuth_ShellSort	InsertionSort	Pratt_ShellSort
3000	0.5714	0.0671	0.0398	4.336	1.0847
3000	0.5942	0.0687	0.0361	2.9582	1.1371
3000	0.6902	0.0809	0.0714	3.7785	1.1479
3000	0.7606	0.0813	0.0704	3.9621	0.8878
3000	0.6499	0.0672	0.0361	2.7941	0.8567
3000	0.748	0.0806	0.0681	2.5492	0.8005
3000	0.5568	0.103	0.0646	2.3076	0.8097
3000	0.5682	0.0693	0.0429	2.207	1.2204
3000	0.4973	0.0601	0.0588	2.8898	0.8699
3000	0.5197	0.0631	0.0489	2.3161	0.7757


	Classic_ShellSort	Hibbard_ShellSort	Knuth_ShellSort	InsertionSort	Pratt_ShellSort
4000	0.7449	0.1216	0.0755	4.6476	1.2876
4000	0.7701	0.1536	0.0491	6.7343	1.3458
4000	0.9008	0.1644	0.0498	8.1741	1.2491
4000	0.7937	0.1306	0.0531	5.7136	-0.6735
4000	0.8937	0.1435	0.048	7.1109	1.2773
4000	0.8099	0.1243	0.0512	4.9454	1.0834
4000	0.7851	0.0994	0.0789	4.6753	1.1541
4000	0.8004	0.1283	0.0649	4.7323	1.3263
4000	0.8077	0.1318	0.0494	4.9289	1.1866
4000	0.8016	0.1321	0.0477	4.8125	2.6395


	Classic_ShellSort	Hibbard_ShellSort	Knuth_ShellSort	InsertionSort	Pratt_ShellSort
5000	1.0256	0.0704	0.051	6.9828	1.5892
5000	1.0489	0.0623	0.0685	7.1391	1.4743
5000	1.3336	0.06	0.1341	8.0186	1.6659
5000	1.1839	0.0678	0.0622	39.7045	1.6116
5000	1.0467	0.0669	0.1641	12.0451	1.4953
5000	0.9831	0.066	0.091	7.2245	1.7809
5000	1.0694	0.0666	0.0173	7.1896	1.4251
5000	0.9431	0.0632	0.0165	6.6942	1.8844
5000	1.0958	0.0607	0.0177	10.7593	1.4528
5000	1.0518	0.0635	0.6321	7.8819	1.6386


	Classic_ShellSort	Hibbard_ShellSort	Knuth_ShellSort	InsertionSort	Pratt_ShellSort
6000	1.1822	0.1045	0.0156	10.2403	1.8909
6000	1.6923	0.1385	0.0203	14.4768	1.8514
6000	1.2792	0.1325	0.0213	10.4376	1.7627
6000	1.2323	0.1338	0.0202	10.4409	2.2467
6000	1.2335	0.1355	0.0258	10.0341	1.8024
6000	1.166	0.1314	0.0174	9.7869	2.0313
6000	1.2882	0.1255	0.0203	10.0205	1.7949
6000	1.2134	0.1317	0.1176	9.3812	1.8613
6000	1.3066	0.1502	0.0295	10.6021	1.9623
6000	1.2355	0.1019	0.0154	12.6877	2.5558


	Classic_ShellSort	Hibbard_ShellSort	Knuth_ShellSort	InsertionSort	Pratt_ShellSort
7000	1.4162	0.1942	0.022	12.9895	1.7686
7000	1.2564	0.1669	0.0277	13.5369	2.3417
7000	1.5968	0.2133	0.0197	13.1312	2.3094
7000	1.3854	0.1943	0.0206	11.1529	1.7047
7000	1.2611	0.2096	0.0213	10.3874	1.763
7000	1.2458	0.1463	0.0428	10.2094	1.7389
7000	1.2037	0.1571	0.013	10.2859	1.8323
7000	1.203	0.1593	0.0129	10.1359	1.6456
7000	1.2555	0.2726	0.1867	13.7141	2.4479
7000	1.1782	0.1572	0.0991	10.4214	1.7964


	Classic_ShellSort	Hibbard_ShellSort	Knuth_ShellSort	InsertionSort	Pratt_ShellSort
8000	1.4143	0.2	0.0018	13.4766	2.3217
8000	1.4762	0.2098	0.0018	13.4751	2.0632
8000	1.4234	0.2369	0.0018	13.3931	1.9252
8000	1.4828	0.2659	0.0028	13.2027	1.937
8000	1.412	0.1957	0.002	12.7486	2.0667
8000	1.4128	0.2687	0.003	13.5051	2.7718
8000	1.7657	0.277	0.0025	14.8338	2.0814
8000	1.8086	0.2418	0.0021	20.4838	1.8946
8000	1.4232	0.1958	0.0023	13.3832	1.8918
8000	1.5273	0.3021	0.0028	16.08	5.6807


	Classic_ShellSort	Hibbard_ShellSort	Knuth_ShellSort	InsertionSort	Pratt_ShellSort
9000	1.9769	0.0644	0.0028	21.9249	2.2447
9000	2.1027	0.0622	0.0025	22.8134	3.2767
9000	2.0523	0.0681	0.0024	22.6311	3.389
9000	1.5222	0.0445	0.0021	16.5237	2.2221
9000	1.8552	0.045	0.0019	17.8704	2.9753
9000	1.9346	0.0519	0.0023	19.8517	2.2064
9000	1.4895	0.0444	0.0022	16.1286	2.2058
9000	1.4921	0.0443	0.0018	16.3057	2.198
9000	1.5324	0.0445	0.0021	16.035	3.2275
9000	1.9138	0.0579	0.0022	19.693	2.3964


	Classic_ShellSort	Hibbard_ShellSort	Knuth_ShellSort	InsertionSort	Pratt_ShellSort
10000	2.4092	0.1536	0.0031	42.5687	2.9754
10000	1.7635	0.0977	0.0021	19.7897	2.5619
10000	1.7434	0.0978	0.0019	25.9499	3.4224
10000	1.7771	0.1595	0.0029	25.4303	3.4592
10000	2.2719	0.1542	0.0022	23.45	3.0003
10000	2.2339	0.1462	0.0027	26.926	2.9441
10000	1.9569	0.1407	0.0024	30.4202	2.9971
10000	1.7462	0.1026	0.002	21.6345	3.5295
10000	2.4263	0.098	0.002	22.4251	3.3888
10000	1.8197	0.0985	0.002	22.349	3.3265



