	Classic_ShellSort	Hibbard_ShellSort	Knuth_ShellSort	InsertionSort	Pratt_ShellSort
1000	0.04	0.0182	8.0E-4	0.007	0.0789
1000	0.0625	0.0218	5.0E-4	0.0048	0.0741
1000	0.0425	0.0247	4.0E-4	0.0048	0.0729
1000	0.0426	0.0242	4.0E-4	0.0048	0.0753
1000	0.034	0.0163	4.0E-4	0.0049	0.0762
1000	0.0245	0.016	3.0E-4	0.0047	0.0724
1000	0.0245	0.016	3.0E-4	0.0047	0.0717
1000	0.0244	0.016	3.0E-4	0.0048	0.0715
1000	0.0245	0.016	4.0E-4	0.0047	0.0717
1000	0.0245	0.0159	3.0E-4	0.0047	0.0742


	Classic_ShellSort	Hibbard_ShellSort	Knuth_ShellSort	InsertionSort	Pratt_ShellSort
2000	0.0895	0.0554	0.0021	0.0164	0.29
2000	0.0882	0.0557	0.0017	0.0151	0.2844
2000	0.0805	0.0501	0.0014	0.0123	0.2587
2000	0.0814	0.0502	0.0014	0.015	0.2716
2000	0.0827	0.0498	0.0013	0.0133	0.2639
2000	0.0833	0.0503	0.0012	0.0142	0.2759
2000	0.0823	0.0508	0.0013	0.0143	0.2724
2000	0.0878	0.0436	0.0014	0.014	0.2879
2000	0.072	0.0428	0.0014	0.0124	0.2578
2000	0.0774	0.0459	0.0012	0.0139	0.2625


	Classic_ShellSort	Hibbard_ShellSort	Knuth_ShellSort	InsertionSort	Pratt_ShellSort
3000	0.0911	0.0382	0.0017	0.0139	0.2921
3000	0.0907	0.0373	9.0E-4	0.0138	0.4327
3000	0.1535	0.0555	0.0015	0.0215	0.3452
3000	0.0911	0.0375	0.0013	0.0139	0.2861
3000	0.0907	0.0373	0.001	0.0138	0.2853
3000	0.0908	0.0374	9.0E-4	0.0138	0.2841
3000	0.091	0.0373	0.001	0.0137	0.2848
3000	0.1492	0.0376	0.001	0.0138	0.2867
3000	0.0907	0.0374	9.0E-4	0.0138	0.2932
3000	0.0907	0.0376	9.0E-4	0.0137	0.2819


	Classic_ShellSort	Hibbard_ShellSort	Knuth_ShellSort	InsertionSort	Pratt_ShellSort
4000	0.1213	0.0765	0.0018	0.0184	0.4164
4000	0.1482	0.0761	0.001	0.0183	0.4085
4000	0.1208	0.0793	9.0E-4	0.0183	0.4062
4000	0.1208	0.076	0.001	0.0183	0.4348
4000	0.1467	0.0764	0.0011	0.0183	0.4077
4000	0.1517	0.0762	0.0011	0.0183	0.4092
4000	0.1461	0.076	0.0011	0.0183	0.4144
4000	0.146	0.076	0.0011	0.0183	0.4159
4000	0.146	0.0762	0.001	0.0183	0.408
4000	0.1569	0.1185	0.0015	0.0183	0.4091


	Classic_ShellSort	Hibbard_ShellSort	Knuth_ShellSort	InsertionSort	Pratt_ShellSort
5000	0.167	0.0391	0.002	0.0229	0.5491
5000	0.166	0.0387	8.0E-4	0.0228	0.6265
5000	0.166	0.0388	0.0012	0.0228	0.5397
5000	0.1658	0.0387	0.001	0.0228	0.5386
5000	0.1659	0.0387	9.0E-4	0.0228	0.5495
5000	0.1941	0.0389	0.0011	0.0229	0.5395
5000	0.1696	0.0387	9.0E-4	0.0228	0.538
5000	0.1661	0.0387	8.0E-4	0.0263	0.5354
5000	0.1659	0.0386	0.001	0.0228	0.6468
5000	0.166	0.0389	0.0011	0.0229	0.5538


	Classic_ShellSort	Hibbard_ShellSort	Knuth_ShellSort	InsertionSort	Pratt_ShellSort
6000	0.2329	0.0859	0.0027	0.0433	1.0127
6000	0.312	0.118	0.0021	0.0453	1.0606
6000	0.3207	0.1235	0.0019	0.0453	0.7445
6000	0.3155	0.1157	0.0023	0.0363	0.7481
6000	0.2286	0.0811	0.0017	0.0275	0.6765
6000	0.2257	0.081	0.0012	0.0274	0.6981
6000	0.2251	0.0809	0.0012	0.0274	1.1894
6000	0.3159	0.1179	0.0021	0.0464	1.2026
6000	0.3117	0.1222	0.0017	0.0436	1.2091
6000	0.3125	0.1088	0.0021	0.0451	1.2032


	Classic_ShellSort	Hibbard_ShellSort	Knuth_ShellSort	InsertionSort	Pratt_ShellSort
7000	0.3476	0.184	0.0031	0.0538	0.9646
7000	0.3459	0.1744	0.0024	0.0464	1.2928
7000	0.2624	0.1288	0.0016	0.0322	0.9606
7000	0.2345	0.1272	0.0017	0.032	0.8117
7000	0.2327	0.1231	0.001	0.0318	0.8793
7000	0.3014	0.1238	0.0014	0.032	0.8768
7000	0.2364	0.1231	0.0013	0.032	0.8277
7000	0.234	0.1232	0.0011	0.032	0.8209
7000	0.2324	0.1229	0.001	0.0318	0.8211
7000	0.2417	0.1363	0.0015	0.0319	1.167


	Classic_ShellSort	Hibbard_ShellSort	Knuth_ShellSort	InsertionSort	Pratt_ShellSort
8000	0.2729	0.1667	0.0016	0.0366	0.9742
8000	0.2705	0.1654	0.0012	0.0365	0.9616
8000	0.2653	0.165	9.0E-4	0.0364	0.9561
8000	0.3814	0.2526	0.002	0.0704	0.929
8000	0.3835	0.1821	0.0022	0.0369	1.4364
8000	0.3892	0.3393	0.0022	0.0366	1.205
8000	0.2949	0.2375	0.0018	0.0366	1.164
8000	0.4917	0.2648	0.0022	0.0649	1.7211
8000	0.4697	0.2414	0.0015	0.0655	1.7497
8000	0.435	0.262	0.0012	0.0649	1.4991


	Classic_ShellSort	Hibbard_ShellSort	Knuth_ShellSort	InsertionSort	Pratt_ShellSort
9000	0.4618	0.0381	0.0064	0.0412	1.1149
9000	0.3288	0.0375	0.0011	0.0409	1.1548
9000	0.3273	0.0381	0.0017	0.0412	1.1288
9000	0.3257	0.0377	0.0014	0.041	1.1114
9000	0.3304	0.0392	0.0012	0.0585	1.1709
9000	0.3263	0.0375	0.0016	0.0501	1.4385
9000	0.326	0.0378	0.0018	0.0412	1.1133
9000	0.3257	0.0376	0.001	0.041	1.1286
9000	0.3294	0.0376	0.0013	0.041	1.2929
9000	0.4383	0.038	0.0019	0.0412	1.1356


	Classic_ShellSort	Hibbard_ShellSort	Knuth_ShellSort	InsertionSort	Pratt_ShellSort
10000	0.3653	0.0836	0.002	0.0456	1.2628
10000	0.3645	0.0831	0.001	0.0455	1.2619
10000	0.3614	0.0861	9.0E-4	0.0453	1.283
10000	0.3615	0.0831	0.001	0.0454	1.2965
10000	0.4437	0.1159	0.0019	0.0596	1.4518
10000	0.3618	0.0881	0.0019	0.0458	1.2687
10000	0.3614	0.0832	9.0E-4	0.0456	1.6898
10000	0.4657	0.1292	0.0024	0.0635	1.4908
10000	0.3615	0.0835	0.0017	0.0454	1.259
10000	0.3659	0.0831	0.001	0.0454	1.261



